x1 x2 x3 x4 x5  swls1  swls2
  3  6  4  3  5      21      20
  7  7  7  7  5      33      28
  3  3  3  5  3      17      18
  2  6  5  6  3      22      26
  5  4  6  4  3      22      20
  5  6  6  7  5      29      33
  3  5  3  5  2      18      20
  5  6  5  3  1      20      22
  2  2  5  5  2      16      18
  5  4  6  5  6      26      24
  5  5  6  6  5      27      25
  4  4  4  3  4      19      25
  5  5  6  6  4      26      30
  3  2  3  6  2      16      18
  6  6  6  5  6      29      27
  5  6  5  5  6      27      30
  3  3  2  6  1      15      16
  3  7  5  6  2      23      25
  5  4  5  5  2      21      16
  5  4  4  5  3      21      24